         300   1.70523308E-05   2.52686107E-07
         301   2.31566628E-05   3.43142034E-07
         302   3.13090968E-05   4.63947430E-07
         303   4.21503646E-05   6.24596964E-07
         304   5.65064802E-05   8.37330731E-07
         305   7.54372959E-05   1.11785414E-06
         306   1.00297795E-04   1.48624611E-06
         307   1.32813773E-04   1.96807991E-06
         308   1.75172594E-04   2.59576882E-06
         309   2.30136851E-04   3.41025043E-06
         310   3.01182998E-04   4.46304102E-06
         311   3.92666581E-04   5.81868198E-06
         312   5.10019076E-04   7.55765950E-06
         313   6.60008343E-04   9.78026492E-06
         314   8.50998389E-04   1.26104378E-05
         315   1.09333894E-03   1.62015494E-05
         316   1.39973476E-03   2.07418598E-05
         317   1.78577274E-03   2.64623486E-05
         318   2.27049086E-03   3.36451267E-05
         319   2.87702680E-03   4.26330662E-05
         320   3.63346515E-03   5.38423374E-05
         321   4.57377732E-03   6.77763455E-05
         322   5.73882554E-03   8.50406213E-05
         323   7.17777386E-03   1.06363688E-04
         324   8.94931424E-03   1.32615300E-04
         325   1.11236442E-02   1.64835670E-04
         326   1.37841497E-02   2.04260446E-04
         327   1.70295853E-02   2.52353057E-04
         328   2.09770631E-02   3.10848962E-04
         329   2.57639624E-02   3.81783902E-04
         330   3.15523967E-02   4.67560138E-04
         331   3.85315195E-02   5.70980832E-04
         332   4.69231233E-02   6.95332419E-04
         333   5.69843203E-02   8.44425056E-04
         334   6.90151304E-02   1.02270464E-03
         335   8.33621845E-02   1.23530789E-03
         336  0.100425526       1.48816279E-03
         337  0.120666541       1.78810651E-03
         338  0.144614637       2.14298395E-03
         339  0.172876850       2.56179087E-03
         340  0.206146061       3.05479486E-03
         341  0.245213017       3.63371382E-03
         342  0.290974587       4.31183819E-03
         343  0.344448775       5.10425260E-03
         344  0.406788558       6.02804357E-03
         345  0.479290247       7.10242102E-03
         346  0.563418567       8.34909081E-03
         347  0.660811603       9.79232322E-03
         348  0.773307323       1.14593608E-02
         349  0.902956009       1.33805824E-02
         350   1.05205512       1.55900316E-02
         351   1.22314072       1.81252956E-02
         352   1.41903853       2.10282411E-02
         353   1.64287817       2.43452508E-02
         354   1.89810729       2.81274114E-02
         355   2.18853760       3.24312113E-02
         356   2.51834178       3.73184755E-02
         357   2.89211655       4.28573303E-02
         358   3.31490588       4.91225198E-02
         359   3.79217172       5.61949797E-02
         360   4.32991552       6.41636401E-02
         361   4.93466520       7.31252506E-02
         362   5.61345959       8.31841081E-02
         363   6.37399912       9.44543257E-02
         364   7.22454977      0.107058406    
         365   8.17405796      0.121128879    
         366   9.23216629      0.136808693    
         367   10.4091940      0.154250741    
         368   11.7162333      0.173619390    
         369   13.1651974      0.195091203    
         370   14.7687635      0.218853995    
         371   16.5405197      0.245109186    
         372   18.4947891      0.274068952    
         373   20.6468945      0.305960447    
         374   23.0131111      0.341024756    
         375   25.6105957      0.379516184    
         376   28.4574833      0.421703458    
         377   31.5728226      0.467868865    
         378   34.9768295      0.518311918    
         379   38.6904602      0.573343217    
         380   42.7360535      0.633293867    
         381   47.1368408      0.698508024    
         382   51.9167747      0.769340575    
         383   57.1012154      0.846167564    
         384   62.7163162      0.929376304    
         385   68.7896652       1.01937556    
         386   75.3491669       1.11657941    
         387   82.4239502       1.22141874    
         388   90.0447922       1.33435023    
         389   98.2420807       1.45582402    
         390   107.048264       1.58632076    
         391   116.496384       1.72633028    
         392   126.619743       1.87634587    
         393   137.452805       2.03687882    
         394   149.031021       2.20845342    
         395   161.389740       2.39159513    
         396   174.566010       2.58685136    
         397   188.596573       2.79476738    
         398   203.518219       3.01588845    
         399   219.369446       3.25078487    
         400   236.188202       3.50001907    
         401   254.012131       3.76414895    
         402   272.881165       4.04376602    
         403   292.832092       4.33941603    
         404   313.904266       4.65168190    
         405   336.135071       4.98111725    
         406   359.564301       5.32831240    
         407   384.227753       5.69379759    
         408   410.162445       6.07812119    
         409   437.406372       6.48184824    
         410   465.995087       6.90550184    
         411   495.963043       7.34959650    
         412   527.344543       7.81463861    
         413   560.172729       8.30111980    
         414   594.480835       8.80953407    
         415   630.297180       9.34029770    
         416   667.653442       9.89388275    
         417   706.576965       10.4706964    
         418   747.095337       11.0711432    
         419   789.229492       11.6955366    
         420   833.006165       12.3442717    
         421   878.445740       13.0176525    
         422   925.567139       13.7159576    
         423   974.388245       14.4394531    
         424   1024.92249       15.1883392    
         425   1077.18506       15.9628401    
         426   1131.18201       16.7630482    
         427   1186.92798       17.5891724    
         428   1244.42334       18.4412308    
         429   1303.67236       19.3192787    
         430   1364.67896       20.2233772    
         431   1427.43884       21.1534615    
         432   1491.94641       22.1094513    
         433   1558.19702       23.0912781    
         434   1626.17944       24.0987759    
         435   1695.88123       25.1317596    
         436   1767.28894       26.1900311    
         437   1840.38159       27.2732792    
         438   1915.13928       28.3812103    
         439   1991.53687       29.5134544    
         440   2069.55566       30.6697311    
         441   2149.15723       31.8494778    
         442   2230.31470       33.0522881    
         443   2312.99512       34.2776871    
         444   2397.15894       35.5250740    
         445   2482.76880       36.7939110    
         446   2569.77905       38.0835075    
         447   2658.15234       39.3933220    
         448   2747.83350       40.7225380    
         449   2838.78052       42.0705261    
         450   2930.93799       43.4364738    
         451   3024.25586       44.8196373    
         452   3118.67456       46.2191391    
         453   3214.13892       47.6341515    
         454   3310.59131       49.0638275    
         455   3407.96265       50.5071526    
         456   3506.20215       51.9633598    
         457   3605.23682       53.4313850    
         458   3705.00342       54.9102821    
         459   3805.43604       56.3990784    
         460   3906.46436       57.8967323    
         461   4008.01514       59.4021568    
         462   4110.02490       60.9144173    
         463   4212.41943       62.4324188    
         464   4315.12305       63.9550362    
         465   4418.06494       65.4812241    
         466   4521.17529       67.0099335    
         467   4624.37549       68.5400314    
         468   4727.58936       70.0703583    
         469   4830.75098       71.5999603    
         470   4933.78174       73.1276703    
         471   5036.59863       74.6522522    
         472   5139.14209       76.1728363    
         473   5241.33057       77.6881943    
         474   5343.09082       79.1972580    
         475   5444.34912       80.6989365    
         476   5545.02979       82.1921082    
         477   5645.07373       83.6758957    
         478   5744.39795       85.1490784    
         479   5842.93408       86.6106415    
         480   5940.61719       88.0596237    
         481   6037.38184       89.4950409    
         482   6133.15381       90.9158173    
         483   6227.87646       92.3210907    
         484   6321.48193       93.7098923    
         485   6413.90234       95.0811768    
         486   6505.08838       96.4342422    
         487   6594.96924       97.7680435    
         488   6683.50000       99.0818787    
         489   6770.61230       100.374786    
         490   6856.26074       101.646057    
         491   6940.38623       102.894829    
         492   7022.94922       104.120522    
         493   7103.89111       105.322273    
         494   7183.16943       106.499428    
         495   7260.74121       107.651367    
         496   7336.56592       108.777512    
         497   7410.59912       109.877167    
         498   7482.80469       110.949806    
         499   7553.14502       111.994888    
         500   7621.58838       113.011932    
         501   7688.10645       114.000526    
         502   7752.66357       114.960136    
         503   7815.23877       115.890457    
         504   7875.79834       116.790977    
         505   7934.32861       117.661507    
         506   7990.80469       118.501671    
         507   8045.20898       119.311203    
         508   8097.52393       120.089859    
         509   8147.73389       120.837402    
         510   8195.82910       121.553680    
         511   8241.80078       122.238564    
         512   8285.63770       122.891876    
         513   8327.33301       123.513557    
         514   8366.88574       124.103539    
         515   8404.29199       124.661789    
         516   8439.55176       125.188301    
         517   8472.66504       125.683098    
         518   8503.63867       126.146248    
         519   8532.47461       126.577789    
         520   8559.18164       126.977852    
         521   8583.76855       127.346565    
         522   8606.24316       127.684059    
         523   8626.62109       127.990524    
         524   8644.91211       128.266159    
         525   8661.13477       128.511169    
         526   8675.30176       128.725830    
         527   8687.43457       128.910385    
         528   8697.54980       129.065109    
         529   8705.67090       129.190323    
         530   8711.81641       129.286331    
         531   8716.00977       129.353485    
         532   8718.27637       129.392120    
         533   8718.64160       129.402634    
         534   8717.13086       129.385406    
         535   8713.77148       129.340836    
         536   8708.59082       129.269333    
         537   8701.61914       129.171326    
         538   8692.88574       129.047272    
         539   8682.42188       128.897598    
         540   8670.25781       128.722778    
         541   8656.42578       128.523285    
         542   8640.95801       128.299606    
         543   8623.88867       128.052200    
         544   8605.25000       127.781609    
         545   8585.07812       127.488297    
         546   8563.40527       127.172791    
         547   8540.26758       126.835617    
         548   8515.70020       126.477272    
         549   8489.73926       126.098297    
         550   8462.41797       125.699203    
         551   8433.77539       125.280548    
         552   8403.84570       124.842834    
         553   8372.66504       124.386620    
         554   8340.26953       123.912399    
         555   8306.69727       123.420776    
         556   8271.98242       122.912224    
         557   8236.16211       122.387299    
         558   8199.27246       121.846542    
         559   8161.34814       121.290466    
         560   8122.42822       120.719643    
         561   8082.54395       120.134537    
         562   8041.73438       119.535728    
         563   8000.03467       118.923721    
         564   7957.47656       118.299011    
         565   7914.09863       117.662148    
         566   7869.93311       117.013611    
         567   7825.01318       116.353889    
         568   7779.37500       115.683525    
         569   7733.05176       115.003006    
         570   7686.07471       114.312798    
         571   7638.47559       113.613358    
         572   7590.28955       112.905220    
         573   7541.54688       112.188812    
         574   7492.27783       111.464615    
         575   7442.51416       110.733070    
         576   7392.28418       109.994606    
         577   7341.62012       109.249695    
         578   7290.55078       108.498764    
         579   7239.10254       107.742203    
         580   7187.30615       106.980476    
         581   7135.18652       106.213951    
         582   7082.77490       105.443069    
         583   7030.09326       104.668190    
         584   6977.16846       103.889687    
         585   6924.02881       103.107971    
         586   6870.69434       102.323372    
         587   6817.19336       101.536278    
         588   6763.54736       100.747032    
         589   6709.78223       99.9560013    
         590   6655.91553       99.1634445    
         591   6601.97119       98.3697205    
         592   6547.97412       97.5752029    
         593   6493.93945       96.7801132    
         594   6439.88818       95.9847641    
         595   6385.84473       95.1895142    
         596   6331.82275       94.3945694    
         597   6277.84277       93.6002274    
         598   6223.92236       92.8067703    
         599   6170.07861       92.0144196    
         600   6116.33057       91.2234879    
         601   6062.68994       90.4341278    
         602   6009.17578       89.6466370    
         603   5955.80225       88.8612213    
         604   5902.58350       88.0780945    
         605   5849.53418       87.2974472    
         606   5796.66846       86.5195312    
         607   5743.99561       85.7444611    
         608   5691.53320       84.9725037    
         609   5639.28906       84.2037811    
         610   5587.27783       83.4384918    
         611   5535.50928       82.6768112    
         612   5483.99219       81.9188538    
         613   5432.73926       81.1648026    
         614   5381.75732       80.4147644    
         615   5331.05957       79.6689377    
         616   5280.65137       78.9274216    
         617   5230.54150       78.1903229    
         618   5180.74072       77.4577942    
         619   5131.25146       76.7299042    
         620   5082.08301       76.0067673    
         621   5033.24414       75.2885284    
         622   4984.73730       74.5752258    
         623   4936.57227       73.8669891    
         624   4888.75195       73.1638718    
         625   4841.28125       72.4659500    
         626   4794.16699       71.7733231    
         627   4747.41260       71.0860443    
         628   4701.02246       70.4041901    
         629   4654.99902       69.7277832    
         630   4609.34766       69.0569077    
         631   4564.07031       68.3916016    
         632   4519.16943       67.7318878    
         633   4474.64844       67.0778351    
         634   4430.51025       66.4294739    
         635   4386.75488       65.7868195    
         636   4343.38574       65.1499100    
         637   4300.40625       64.5188141    
         638   4257.81250       63.8934555    
         639   4215.61035       63.2739296    
         640   4173.79932       62.6602364    
         641   4132.37842       62.0523529    
         642   4091.34839       61.4503059    
         643   4050.71167       60.8541183    
         644   4010.46631       60.2637634    
         645   3970.61133       59.6792374    
         646   3931.14746       59.1005516    
         647   3892.07471       58.5276947    
         648   3853.39258       57.9606705    
         649   3815.09912       57.3994446    
         650   3777.19189       56.8439941    
         651   3739.67188       56.2943192    
         652   3702.53662       55.7503929    
         653   3665.78735       55.2122345    
         654   3629.41846       54.6797562    
         655   3593.42920       54.1529617    
         656   3557.81885       53.6318169    
         657   3522.58716       53.1163406    
         658   3487.72852       52.6064377    
         659   3453.24121       52.1020927    
         660   3419.12402       51.6032867    
         661   3385.37500       51.1099892    
         662   3351.99268       50.6221695    
         663   3318.97217       50.1397781    
         664   3286.31055       49.6627502    
         665   3254.00806       49.1911011    
         666   3222.05981       48.7247543    
         667   3190.46289       48.2636719    
         668   3159.21533       47.8078156    
         669   3128.31299       47.3571472    
         670   3097.75488       46.9116211    
         671   3067.53613       46.4711838    
         672   3037.65503       46.0358086    
         673   3008.10742       45.6054306    
         674   2978.89136       45.1800270    
         675   2950.00293       44.7595291    
         676   2921.43921       44.3439064    
         677   2893.19604       43.9330864    
         678   2865.27173       43.5270462    
         679   2837.66260       43.1257401    
         680   2810.36499       42.7291069    
         681   2783.37476       42.3370819    
         682   2756.69116       41.9496536    
         683   2730.30835       41.5667458    
         684   2704.22437       41.1883163    
         685   2678.43506       40.8143158    
         686   2652.93945       40.4447174    
         687   2627.73047       40.0794296    
         688   2602.80713       39.7184219    
         689   2578.16650       39.3616562    
         690   2553.80469       39.0090790    
         691   2529.71680       38.6606102    
         692   2505.90283       38.3162575    
         693   2482.35767       37.9759369    
         694   2459.07739       37.6395874    
         695   2436.06055       37.3072014    
         696   2413.30225       36.9786949    
         697   2390.80078       36.6540413    
         698   2368.55225       36.3331757    
         699   2346.55273       36.0160599    
         700   2324.79932       35.7026367    
         701   2303.29053       35.3928833    
         702   2282.02148       35.0867233    
         703   2260.99023       34.7841339    
         704   2240.19336       34.4850616    
         705   2219.62720       34.1894455    
         706   2199.29004       33.8972626    
         707   2179.17847       33.6084633    
         708   2159.28857       33.3229904    
         709   2139.61890       33.0408134    
         710   2120.16455       32.7618713    
         711   2100.92529       32.4861450    
         712   2081.89697       32.2135811    
         713   2063.07617       31.9441299    
         714   2044.46155       31.6777611    
         715   2026.04919       31.4144249    
         716   2007.83594       31.1540623    
         717   1989.82141       30.8966751    
         718   1972.00073       30.6421871    
         719   1954.37280       30.3905830    
         720   1936.93408       30.1417999    
         721   1919.68262       29.8958168    
         722   1902.61475       29.6525784    
         723   1885.72998       29.4120712    
         724   1869.02417       29.1742401    
         725   1852.49573       28.9390469    
         726   1836.14185       28.7064590    
         727   1819.96033       28.4764404    
         728   1803.94897       28.2489605    
         729   1788.10522       28.0239677    
         730   1772.42773       27.8014565    
         731   1756.91333       27.5813675    
         732   1741.55884       27.3636551    
         733   1726.36462       27.1483231    
         734   1711.32666       26.9353123    
         735   1696.44421       26.7246132    
         736   1681.71387       26.5161629    
         737   1667.13440       26.3099480    
         738   1652.70374       26.1059418    
         739   1638.41895       25.9040871    
         740   1624.28003       25.7043972    
         741   1610.28271       25.5067978    
         742   1596.42737       25.3112926    
         743   1582.71045       25.1178341    
         744   1569.13135       24.9264030    
         745   1555.68799       24.7369690    
         746   1542.37744       24.5494957    
         747   1529.19873       24.3639603    
         748   1516.15088       24.1803493    
         749   1503.23169       23.9986210    
         750   1490.43860       23.8187447    
         751   1477.77051       23.6407013    
         752   1465.22668       23.4644814    
         753   1452.80554       23.2900505    
         754   1440.50378       23.1173630    
         755   1428.32166       22.9464245    
         756   1416.25635       22.7771873    
         757   1404.30786       22.6096535    
         758   1392.47339       22.4437790    
         759   1380.75146       22.2795410    
         760   1369.14209       22.1169357    
         761   1357.64185       21.9559116    
         762   1346.25134       21.7964802    
         763   1334.96875       21.6386108    
         764   1323.79150       21.4822636    
         765   1312.71973       21.3274384    
         766   1301.75146       21.1741047    
         767   1290.88513       21.0222435    
         768   1280.12097       20.8718452    
         769   1269.45581       20.7228756    
         770   1258.88977       20.5753231    
         771   1248.42151       20.4291763    
         772   1238.04919       20.2844009    
         773   1227.77295       20.1409950    
         774   1217.59033       19.9989319    
         775   1207.50110       19.8581944    
         776   1197.50293       19.7187557    
         777   1187.59668       19.5806236    
         778   1177.78003       19.4437618    
         779   1168.05249       19.3081665    
         780   1158.41235       19.1738071    
         781   1148.85913       19.0406761    
         782   1139.39172       18.9087563    
         783   1130.00928       18.7780323    
         784   1120.71094       18.6484966    
         785   1111.49573       18.5201283    
         786   1102.36243       18.3929062    
         787   1093.30994       18.2668209    
         788   1084.33826       18.1418648    
         789   1075.44604       18.0180187    
         790   1066.63245       17.8952713    
         791   1057.89661       17.7736053    
         792   1049.23718       17.6530018    
         793   1040.65430       17.5334625    
         794   1032.14624       17.4149609    
         795   1023.71313       17.2974968    
         796   1015.35370       17.1810513    
         797   1007.06702       17.0656109    
         798   998.852783       16.9511662    
         799   990.709839       16.8377056    
         800   982.637207       16.7252121    
         801   974.634888       16.6136818    
         802   966.702148       16.5031071    
         803   958.837280       16.3934574    
         804   951.040771       16.2847404    
         805   943.311401       16.1769428    
         806   935.648499       16.0700493    
         807   928.051636       15.9640512    
         808   920.519592       15.8589344    
         809   913.052368       15.7546959    
         810   905.649414       15.6513271    
         811   898.308899       15.5488033    
         812   891.031738       15.4471321    
         813   883.816650       15.3462982    
         814   876.662964       15.2462902    
         815   869.570190       15.1470995    
         816   862.537964       15.0487213    
         817   855.565186       14.9511375    
         818   848.651855       14.8543510    
         819   841.796997       14.7583427    
         820   835.000061       14.6631079    
         821   828.261108       14.5686436    
         822   821.578735       14.4749317    
         823   814.953247       14.3819742    
         824   808.383484       14.2897558    
         825   801.869141       14.1982718    
         826   795.410095       14.1075172    
         827   789.005310       14.0174789    
         828   782.654175       13.9281473    
         829   776.356934       13.8395243    
         830   770.112671       13.7515965    
         831   763.920837       13.6643600    
         832   757.781067       13.5778036    
         833   751.692627       13.4919167    
         834   745.655884       13.4067078    
         835   739.669495       13.3221550    
         836   733.733093       13.2382565    
         837   727.846802       13.1550093    
         838   722.010010       13.0724068    
         839   716.221863       12.9904318    
         840   710.482483       12.9090929    
         841   704.790771       12.8283682    
         842   699.147339       12.7482700    
         843   693.550659       12.6687746    
         844   688.001038       12.5898867    
         845   682.497681       12.5115957    
         846   677.040527       12.4338980    
         847   671.628784       12.3567877    
         848   666.262756       12.2802629    
         849   660.941528       12.2043142    
         850   655.664368       12.1289253    
         851   650.431580       12.0541115    
         852   645.242859       11.9798584    
         853   640.097046       11.9061508    
         854   634.994385       11.8329973    
         855   629.934692       11.7603893    
         856   624.916931       11.6883183    
         857   619.941345       11.6167822    
         858   615.007507       11.5457773    
         859   610.114685       11.4752932    
         860   605.262695       11.4053268    
         861   600.451233       11.3358755    
         862   595.680176       11.2669353    
         863   590.949036       11.1985006    
         864   586.257568       11.1305666    
         865   581.605164       11.0631285    
         866   576.991760       10.9961815    
         867   572.416870       10.9297199    
         868   567.880493       10.8637428    
         869   563.381897       10.7982454    
         870   558.921082       10.7332201    
         871   554.497375       10.6686630    
         872   550.110840       10.6045742    
         873   545.761414       10.5409508    
         874   541.447693       10.4777746    
         875   537.170715       10.4150610    
         876   532.929199       10.3527908    
         877   528.723511       10.2909708    
         878   524.553284       10.2295942    
         879   520.417480       10.1686516    
         880   516.316589       10.1081419    
         881   512.250488       10.0480690    
         882   508.218140       9.98841858    
         883   504.219574       9.92918873    
         884   500.254913       9.87038422    
         885   496.323364       9.81199360    
         886   492.424835       9.75401211    
         887   488.558807       9.69643879    
         888   484.725830       9.63927555    
         889   480.924866       9.58251381    
         890   477.155701       9.52614880    
         891   473.418427       9.47017956    
         892   469.712616       9.41460419    
         893   466.037933       9.35941505    
         894   462.394104       9.30461025    
         895   458.780945       9.25018692    
         896   455.198639       9.19614792    
         897   451.646179       9.14248085    
         898   448.123779       9.08918667    
         899   444.630829       9.03626060    
         900   441.167908       8.98370743    
         901   437.733826       8.93151474    
         902   434.328705       8.87968159    
         903   430.952545       8.82820702    
         904   427.604736       8.77708626    
         905   424.285156       8.72631645    
         906   420.993896       8.67590237    
         907   417.730469       8.62583160    
         908   414.494324       8.57610035    
         909   411.285889       8.52671528    
         910   408.104645       8.47766685    
         911   404.949982       8.42895031    
         912   401.822205       8.38056946    
         913   398.721039       8.33252048    
         914   395.645996       8.28479385    
         915   392.597168       8.23739624    
         916   389.574066       8.19031906    
         917   386.576477       8.14355946    
         918   383.604523       8.09711933    
         919   380.657776       8.05099392    
         920   377.735870       8.00517845    
         921   374.839233       7.95967960    
         922   371.966766       7.91448212    
         923   369.118774       7.86958885    
         924   366.295074       7.82499981    
         925   363.495422       7.78071213    
         926   360.719299       7.73671865    
         927   357.967010       7.69302225    
         928   355.238159       7.64962101    
         929   352.532471       7.60650873    
         930   349.849884       7.56368637    
         931   347.190063       7.52115107    
         932   344.552826       7.47889662    
         933   341.938019       7.43692493    
         934   339.345703       7.39523554    
         935   336.775452       7.35382509    
         936   334.227081       7.31268740    
         937   331.700256       7.27182198    
         938   329.195129       7.23123026    
         939   326.711273       7.19090557    
         940   324.248596       7.15084887    
         941   321.807068       7.11105919    
         942   319.386444       7.07153416    
         943   316.986359       7.03226662    
         944   314.606720       6.99325895    
         945   312.247345       6.95450926    
         946   309.908234       6.91601372    
         947   307.589172       6.87777424    
         948   305.289642       6.83978128    
         949   303.010010       6.80204201    
         950   300.749725       6.76454973    
         951   298.508850       6.72730350    
         952   296.287262       6.69030333    
         953   294.084320       6.65353966    
         954   291.900482       6.61702108    
         955   289.735352       6.58074141    
         956   287.588531       6.54469585    
         957   285.460175       6.50888681    
         958   283.350098       6.47331190    
         959   281.257904       6.43796730    
         960   279.183777       6.40285444    
         961   277.127319       6.36796761    
         962   275.088348       6.33330584    
         963   273.067017       6.29887152    
         964   271.062927       6.26466084    
         965   269.075897       6.23066950    
         966   267.105896       6.19689751    
         967   265.152802       6.16334486    
         968   263.216248       6.13000727    
         969   261.296631       6.09688902    
         970   259.393250       6.06398249    
         971   257.506165       6.03128767    
         972   255.635056       5.99879980    
         973   253.780243       5.96652555    
         974   251.941223       5.93445730    
         975   250.117783       5.90259266    
         976   248.310028       5.87093353    
         977   246.517853       5.83947849    
         978   244.740982       5.80822420    
         979   242.979401       5.77717161    
         980   241.232620       5.74631262    
         981   239.500946       5.71565390    
         982   237.784271       5.68519306    
         983   236.082047       5.65492296    
         984   234.394333       5.62484407    
         985   232.721313       5.59496069    
         986   231.062317       5.56526375    
         987   229.417770       5.53575993    
         988   227.787155       5.50643969    
         989   226.170517       5.47730637    
         990   224.567688       5.44835758    
         991   222.978485       5.41959143    
         992   221.402863       5.39100742    
         993   219.840836       5.36260509    
         994   218.292038       5.33438063    
         995   216.756577       5.30633593    
         996   215.234146       5.27846718    
         997   213.724823       5.25077629    
         998   212.228317       5.22325659    
         999   210.744522       5.19591093    
        1000   209.273621       5.16873980    
        1001   207.814941       5.14173412    
        1002   206.368927       5.11490107    
        1003   204.935181       5.08823633    
        1004   203.513702       5.06173754    
        1005   202.104370       5.03540659    
        1006   200.706848       5.00923634    
        1007   199.321411       4.98323345    
        1008   197.947830       4.95739317    
        1009   196.585846       4.93171215    
        1010   195.235428       4.90619087    
        1011   193.896439       4.88082695    
        1012   192.569092       4.85562611    
        1013   191.252914       4.83057833    
        1014   189.947830       4.80568552    
        1015   188.653961       4.78095007    
        1016   187.371033       4.75636673    
        1017   186.099060       4.73193693    
        1018   184.837891       4.70765686    
        1019   183.587311       4.68352699    
        1020   182.347488       4.65954733    
        1021   181.118042       4.63571453    
        1022   179.899078       4.61202955    
        1023   178.690475       4.58849096    
        1024   177.492142       4.56509781    
        1025   176.303940       4.54184818    
        1026   175.125778       4.51874256    
        1027   173.957581       4.49577904    
        1028   172.799271       4.47295523    
        1029   171.650757       4.45027161    
        1030   170.511978       4.42772865    
        1031   169.382797       4.40532351    
        1032   168.263138       4.38305426    
        1033   167.152985       4.36092329    
        1034   166.052155       4.33892679    
        1035   164.960541       4.31706381    
        1036   163.878220       4.29533529    
        1037   162.805038       4.27373934    
        1038   161.740875       4.25227642    
        1039   160.685638       4.23094273    
        1040   159.639282       4.20973921    
        1041   158.601730       4.18866491    
        1042   157.572876       4.16771793    
        1043   156.552734       4.14689922    
        1044   155.541092       4.12620592    
        1045   154.537979       4.10563946    
        1046   153.543198       4.08519554    
        1047   152.556870       4.06487846    
        1048   151.578720       4.04468203    
        1049   150.608810       4.02460861    
        1050   149.646957       4.00465631    
        1051   148.693176       3.98482347    
        1052   147.747360       3.96511102    
        1053   146.809464       3.94551778    
        1054   145.879364       3.92604232    
        1055   144.957062       3.90668392    
        1056   144.042450       3.88744307    
        1057   143.135376       3.86831594    
        1058   142.235947       3.84930539    
        1059   141.343903       3.83040690    
        1060   140.459381       3.81162429    
        1061   139.582138       3.79295230    
        1062   138.712158       3.77439165    
        1063   137.849442       3.75594378    
        1064   136.993912       3.73760629    
        1065   136.145401       3.71937728    
        1066   135.303909       3.70125675    
        1067   134.469421       3.68324447    
        1068   133.641815       3.66534090    
        1069   132.821030       3.64754200    
        1070   132.007080       3.62985086    
        1071   131.199738       3.61226273    
        1072   130.399124       3.59478021    
        1073   129.605103       3.57740235    
        1074   128.817596       3.56012678    
        1075   128.036560       3.54295301    
        1076   127.261917       3.52588129    
        1077   126.493675       3.50891137    
        1078   125.731720       3.49204087    
        1079   124.976021       3.47527099    
        1080   124.226486       3.45859909    
        1081   123.483124       3.44202638    
        1082   122.745819       3.42555165    
        1083   122.014549       3.40917397    
        1084   121.289207       3.39289165    
        1085   120.569817       3.37670588    
        1086   119.856270       3.36061502    
        1087   119.148506       3.34461761    
        1088   118.446541       3.32871556    
        1089   117.750244       3.31290603    
        1090   117.059647       3.29719090    
        1091   116.374588       3.28156495    
        1092   115.695137       3.26603293    
        1093   115.021164       3.25059032    
        1094   114.352661       3.23523855    
        1095   113.689507       3.21997595    
        1096   113.031738       3.20480227    
        1097   112.379280       3.18971753    
        1098   111.732086       3.17472053    
        1099   111.090103       3.15981054    
        1100   110.453278       3.14498758    
        1101   109.821556       3.13025093    
        1102   109.194893       3.11559939    
        1103   108.573265       3.10103297    
        1104   107.956635       3.08655119    
        1105   107.344902       3.07215285    
        1106   106.738098       3.05783868    
        1107   106.136124       3.04360676    
        1108   105.538948       3.02945709    
        1109   104.946541       3.01538920    
        1110   104.358818       3.00140262    
        1111   103.775795       2.98749661    
        1112   103.197418       2.97367096    
        1113   102.623596       2.95992398    
        1114   102.054329       2.94625735    
        1115   101.489532       2.93266773    
        1116   100.929260       2.91915822    
        1117   100.373383       2.90572453    
        1118   99.8219070       2.89236879    
        1119   99.2747955       2.87908983    
        1120   98.7319641       2.86588621    
        1121   98.1934128       2.85275817    
        1122   97.6590652       2.83970523    
        1123   97.1289597       2.82672787    
        1124   96.6029663       2.81382370    
        1125   96.0811310       2.80099368    
        1126   95.5633392       2.78823638    
        1127   95.0495911       2.77555180    
        1128   94.5398254       2.76293802    
        1129   94.0340576       2.75039721    
        1130   93.5322571       2.73792839    
        1131   93.0343475       2.72553062    
        1132   92.5402603       2.71320152    
        1133   92.0500412       2.70094371    
        1134   91.5635834       2.68875432    
        1135   91.0809174       2.67663503    
        1136   90.6019516       2.66458321    
        1137   90.1266937       2.65260029    
        1138   89.6551056       2.64068484    
        1139   89.1871643       2.62883735    
        1140   88.7227859       2.61705518    
        1141   88.2619629       2.60533953    
        1142   87.8046875       2.59369063    
        1143   87.3509369       2.58210683    
        1144   86.9005890       2.57058811    
        1145   86.4537582       2.55913496    
        1146   86.0102768       2.54774523    
        1147   85.5702057       2.53641963    
        1148   85.1334610       2.52515769    
        1149   84.7000046       2.51395774    
        1150   84.2698975       2.50282192    
        1151   83.8430252       2.49174762    
        1152   83.4193573       2.48073554    
        1153   82.9989166       2.46978450    
        1154   82.5816345       2.45889401    
        1155   82.1674881       2.44806576    
        1156   81.7564621       2.43729663    
        1157   81.3485413       2.42658806    
        1158   80.9436340       2.41593862    
        1159   80.5418167       2.40534878    
        1160   80.1429596       2.39481664    
        1161   79.7471085       2.38434410    
        1162   79.3541718       2.37392855    
        1163   78.9641953       2.36357164    
        1164   78.5771027       2.35327148    
        1165   78.1928940       2.34302878    
        1166   77.8115234       2.33284211    
        1167   77.4329910       2.32271194    
        1168   77.0572433       2.31263733    
        1169   76.6842728       2.30261898    
        1170   76.3140411       2.29265523    
        1171   75.9465256       2.28274560    
        1172   75.5817337       2.27289176    
        1173   75.2196274       2.26309180    
        1174   74.8601227       2.25334477    
        1175   74.5032883       2.24365211    
        1176   74.1490479       2.23401213    
        1177   73.7974014       2.22442508    
        1178   73.4483261       2.21489072    
        1179   73.1017685       2.20540833    
        1180   72.7577133       2.19597721    
        1181   72.4161530       2.18659782    
        1182   72.0770798       2.17727017    
        1183   71.7404480       2.16799283    
        1184   71.4062576       2.15876675    
        1185   71.0744629       2.14959002    
        1186   70.7450562       2.14046335    
        1187   70.4179993       2.13138580    
        1188   70.0932770       2.12235808    
        1189   69.7709122       2.11337972    
        1190   69.4508362       2.10444927    
        1191   69.1330261       2.09556723    
        1192   68.8175049       2.08673358    
        1193   68.5042114       2.07794785    
        1194   68.1931381       2.06920862    
        1195   67.8842773       2.06051755    
        1196   67.5775833       2.05187273    
        1197   67.2730789       2.04327512    
        1198   66.9706955       2.03472304    
        1199   66.6704559       2.02621722    
        1200   66.3723145       2.01775765    
